.Random.seed <-
c(403L, 10L, 1198702776L, 1261259419L, -1662392071L, -1887905208L, 
-1480227466L, 1857852593L, -124725021L, -373631054L, -226129916L, 
1928256327L, 985592349L, -1203812204L, 308168762L, -534107515L, 
-766682273L, 1183495142L, 643743344L, -336137837L, -1127500239L, 
1239428320L, -1505100418L, -993710071L, 2065735739L, -2130629110L, 
-1962967572L, -615943569L, 755219877L, 860618076L, -301661902L, 
1269047341L, -1767956761L, 1898984462L, 1978154472L, 2069555179L, 
-169920375L, -1047782376L, -1439728826L, -176584287L, -178636749L, 
421328290L, 1134481556L, 1596323607L, 2032959757L, 466479140L, 
549611530L, 984505717L, 525274319L, 99573718L, 1242259328L, 927257539L, 
-810101407L, -219960368L, -2021897426L, 1886598873L, 277210347L, 
361080154L, -950741220L, -1287450081L, 95564405L, 814939916L, 
1642132194L, -646191171L, 42819639L, 1171368670L, -1520527848L, 
-1105479301L, -876760807L, 42720680L, -671284906L, -1044577839L, 
899826051L, -420823022L, -1953614940L, -1802747033L, 318691517L, 
-808509388L, 509064090L, -1363656731L, 1617202047L, 977074950L, 
1850963088L, 492389683L, -321019183L, 1375676544L, -1056255650L, 
-550902103L, -2096770725L, 434322282L, -1569312244L, 1735938639L, 
547553029L, 328693692L, -288509294L, 1956641165L, 2069094855L, 
-1676115282L, 477235976L, 1180711179L, -681441303L, -534257480L, 
-282343578L, 1401807873L, -1305095533L, 294712642L, 889674484L, 
-364140809L, -2138052883L, -858656380L, 2015461290L, 1197278485L, 
1509371823L, -415998026L, 1587561952L, -2054562525L, 412480065L, 
-22242000L, -847825074L, 1733713337L, 150405067L, -809421702L, 
-1442241156L, 723140031L, -230327659L, -1860736852L, -1316457854L, 
-627426723L, -1649988265L, -45985730L, -1120885640L, 869658459L, 
186129081L, 1595356936L, -583922250L, -638364943L, 1709610275L, 
1035652978L, -987226684L, 337814919L, -788699299L, -1483691692L, 
-13620358L, 1843366597L, -1508565985L, -9000026L, -847696592L, 
12652499L, -1844380175L, 917392160L, 1814324670L, 1814388169L, 
-1452834437L, 641484618L, 1774933932L, 2000903855L, 1779620965L, 
1458048028L, 573514354L, 1225430253L, -651522777L, -2080360114L, 
-1666721368L, -1090133L, 556005065L, 1196289752L, 1746301830L, 
-1034590623L, 431775731L, -1516055966L, 1937188052L, 800867799L, 
-1945194547L, -388256924L, -1054150838L, -1476217163L, -1001247217L, 
740622102L, 531147200L, 639973763L, -1729577055L, -895193200L, 
-430484370L, 574759449L, -502437205L, 1984949914L, -114202020L, 
-2119092385L, -1498232523L, -1656215348L, 1430050L, 873286781L, 
-1917078153L, -1868236130L, 123771224L, -1809424197L, 1253154393L, 
-1528795672L, -1955022826L, 1921450897L, 334998595L, 1341260626L, 
36112356L, -1681721817L, 1060785789L, -531894412L, 392332122L, 
1315403173L, -339693121L, 18594374L, -412329776L, -90590477L, 
-157801455L, -1738395072L, -19913186L, -21466903L, 985174555L, 
1841394218L, -1020324532L, 1315600143L, -1754252731L, -655365124L, 
1148023378L, 1366413261L, -1438725753L, -1584415634L, 254706760L, 
590814795L, 2017203113L, 1723413196L, -869207904L, -274580606L, 
1451291368L, -1221750036L, -585917380L, -1670540686L, 1990030448L, 
-1739733468L, -677886920L, 866727962L, 643947216L, 1879659580L, 
1896948884L, -492594046L, -2000992320L, 1611192636L, 1866846864L, 
-715150302L, -99204088L, -787707764L, 574831644L, 445470354L, 
477594752L, -799436780L, 1039918376L, 1320111674L, -415341360L, 
-6040468L, -1570753868L, -1929570286L, -906524704L, 1825091532L, 
-84505120L, -2144616926L, 2127898920L, -1288990452L, 527328828L, 
-1839066894L, -1428215056L, 180278084L, -1266034088L, 2119139898L, 
-1234237712L, 1375538364L, -282063340L, 2104262850L, -330882976L, 
549236092L, -1846788912L, -1214231518L, 1120877224L, -1372078196L, 
-2003134020L, 1058571314L, -1287157952L, -1239033676L, 246854472L, 
1335970490L, -300740848L, 538360044L, 1585009748L, 1374271250L, 
-1593101408L, -1303076916L, 1481550688L, -373399358L, -1693366744L, 
-1688398420L, 177131324L, 681402226L, 1089303344L, -1917214172L, 
1407709240L, 218696922L, 358793616L, 2086057724L, 2060259220L, 
1305731906L, -1219307008L, 859251260L, -63056304L, -50851166L, 
-2141144248L, -1309926900L, 710192348L, -774163886L, -773339008L, 
-1425589420L, -400223768L, 1393257210L, -604645552L, -1975999444L, 
-859859596L, 1180655250L, 1297201760L, 604394124L, -1470895264L, 
-165170462L, 1562499240L, -1974578996L, -1203944964L, -106168398L, 
-879913488L, 1367190980L, 1601599320L, -22160518L, 1778105776L, 
1407615420L, -1418321836L, 675378114L, 1343906592L, 686282684L, 
815510096L, 370716130L, 1394078056L, -4797108L, -950558468L, 
2047378162L, 1771482880L, -1441005964L, -313376760L, -318885446L, 
568610768L, -850966036L, 1895278484L, -440233262L, 2012479072L, 
-1384438452L, -907590368L, 144583298L, -1791157784L, -298614804L, 
1571472956L, 419939954L, -532042896L, -1719785180L, -876764616L, 
-472688230L, 761756112L, -454007364L, -1089333100L, -1271303038L, 
1359128000L, -835417284L, -1520358256L, -1542890718L, -1452231160L, 
95282444L, -1971653220L, -722489838L, -521421952L, 1091162900L, 
-411930328L, 1166427194L, -1309054000L, 1134533228L, -67579340L, 
-179217774L, 1574724960L, -1143187124L, 45230048L, 531805602L, 
-529582680L, 1930024588L, 597654972L, 405327474L, 477590512L, 
792882756L, -525143976L, -93751238L, 1589993584L, -734062532L, 
1184112916L, -42491198L, -1926666528L, 399128700L, -180570416L, 
-1216464478L, 1442228264L, -2084697332L, -296629828L, -2079681742L, 
-1158677824L, -170038220L, 50720456L, -701254470L, 1826641552L, 
30433004L, -1390163372L, -1948208494L, 2006759712L, 2073084364L, 
1420075744L, 1686335682L, 2120821800L, -770402388L, -498656580L, 
599018482L, -701549008L, 178470820L, 37096888L, 1512130394L, 
1711739024L, 127302524L, -1417322220L, -43157182L, -582434560L, 
-669119044L, 1371660624L, -1084761822L, 704043592L, -1336037364L, 
1235408476L, 1555122642L, -450955776L, -1462471340L, -886575896L, 
-960642822L, 1938499280L, 1700055852L, -1956933388L, -1825465966L, 
820919648L, 1253608460L, -1511277344L, 1812669026L, -1875596132L, 
-1281105206L, 1169533887L, 872130313L, 1931743262L, -1497538100L, 
781429661L, 1947117095L, 1696705616L, -921627410L, -1756950117L, 
112248829L, -1440922902L, 695850376L, 717771569L, -1322693725L, 
-1443390556L, 258471506L, 396383655L, -2029022735L, 461554998L, 
1495248340L, -1916140699L, 1974569839L, 1527367080L, 667081478L, 
-242557389L, -627387243L, 213044466L, -1908884160L, 131793577L, 
-778204389L, -917488404L, -1883848454L, 748749103L, 2098459961L, 
291452750L, 1498414492L, 1914314509L, -759096969L, -1075675776L, 
-1770595362L, -1651952469L, -1510699091L, -367655910L, -704484648L, 
-450813119L, -1242590221L, -377659884L, -1128319070L, 1613629623L, 
839701121L, 283964038L, -287243580L, -716659723L, -940426657L, 
1114598584L, 1380362646L, -1373031517L, -46913691L, -2101322110L, 
207272944L, -2122891879L, -1449348213L, 966983292L, 1615951018L, 
521905887L, -1465697175L, 1916245630L, 617012844L, -126680387L, 
1441488775L, 106892144L, 174455310L, -2049091781L, 612092957L, 
-2129460022L, 125288424L, -852833071L, -1651693373L, -1923883068L, 
-487482254L, 915256647L, -1930122991L, 20880534L, 613470708L, 
34128773L, -988886321L, 604788680L, -944808346L, -312856429L, 
-1520996363L, 929245650L, -1050955232L, -1034867703L, 366620987L, 
-1272720244L, -208789222L, 1903318927L, 1055647961L, 243885934L, 
-2001527044L, 460741741L, -988141545L, -1434725920L, 206052798L, 
1491739531L, 682497037L, -1642417094L, -593759112L, -1070800863L, 
68790995L, -1278055948L, 60969602L, -645550313L, 1895933409L, 
604756774L, -856386012L, -246165291L, 993882239L, 1047078168L, 
-1017013194L, 134349507L, 717696773L, 1281073826L, 1551011984L, 
1572233273L, 1440862443L, 1459929564L, -1010743286L, -841271553L, 
-576395447L, 1155259614L, 1657422476L, -340244899L, -1604891545L, 
1373938064L, -1126334034L, 666563675L, 1060774973L, 1838082730L, 
-794437816L, 917134193L, 820157667L, 732672996L, -634985710L, 
1552756455L, -509208399L, -1255728394L, -1594278636L, 1222205989L, 
